(37, -4.09)
(87, -4.09)
(137, -4.08)
(187, -4.08)
(237, -4.08)
(287, -4.08)
(337, -4.08)
(387, -4.09)
(437, -4.08)
(487, -4.07)
(537, -4.09)
(587, -4.08)
(637, -4.09)
(687, -4.09)
(737, -4.1)
(787, -4.1)
(837, -4.09)
(887, -4.09)
(937, -4.08)
(987, -4.09)
(1037, -4.09)
(1087, -4.09)
(1137, -4.1)
(1187, -4.08)
(1238, -4.09)
(1288, -4.1)
(1338, -4.09)
(1388, -4.09)
(1438, -4.08)
(1488, -4.09)
(1538, -4.09)
(1588, -4.08)
(1638, -4.08)
(1688, -4.1)
(1738, -4.07)
(1788, -4.09)
(1838, -4.08)
(1888, -4.08)
(1938, -4.1)
(1988, -4.09)
(2038, -4.08)
(2088, -4.09)
(2138, -4.07)
(2188, -4.08)
(2238, -4.09)
(2288, -4.09)
(2338, -4.1)
(2388, -4.08)
(2438, -4.07)
(2488, -4.09)
(2538, -4.08)
(2588, -4.08)
(2638, -4.08)
(2688, -4.08)
(2738, -4.1)
(2788, -4.08)
(2838, -4.08)
(2888, -4.1)
(2938, -4.09)
(2988, -4.09)
(3038, -4.08)
(3088, -4.08)
(3138, -4.09)
(3188, -4.08)
(3238, -4.08)
(3288, -4.08)
(3338, -4.07)
(3388, -4.08)
(3438, -4.08)
(3488, -4.1)
(3538, -4.1)
(3588, -4.09)
(3638, -4.08)
(3688, -4.09)
(3738, -4.09)
(3788, -4.09)
(3838, -4.08)
(3888, -4.09)
(3938, -4.08)
(3988, -4.09)
(4038, -4.09)
(4088, -4.09)
(4139, -4.08)
(4189, -4.09)
(4239, -4.09)
(4289, -4.1)
(4339, -4.1)
(4389, -4.09)
(4439, -4.09)
(4489, -4.08)
(4539, -4.07)
(4589, -4.08)
(4639, -4.08)
(4689, -4.09)
(4739, -4.09)
(4789, -4.1)
(4839, -4.08)
(4889, -4.07)
(4939, -4.08)
(4989, -4.09)
(5039, -4.1)
(5089, -4.08)
(5139, -4.08)
(5189, -4.08)
(5239, -4.08)
(5289, -4.1)
(5339, -4.08)
(5389, -4.09)
(5439, -4.08)
(5489, -4.1)
(5539, -4.09)
(5590, -4.09)
(5640, -4.09)
(5690, -4.09)
(5740, -4.09)
(5790, -4.09)
(5840, -4.09)
(5890, -4.07)
(5940, -4.07)
(5990, -4.09)
(6040, -4.09)
(6090, -4.08)
(6140, -4.08)
(6190, 7.76)
(6240, -4.09)
(6290, -4.08)
(6340, -4.08)
(6390, -4.09)
(6440, -4.09)
(6490, -4.09)
(6540, -4.09)
(6590, -4.09)
(6640, -4.1)
(6690, -4.07)
(6740, -4.08)
(6790, -4.08)
(6840, -4.08)
(6890, -4.08)
(6940, -4.08)
(6990, -4.09)
(7040, -4.1)
(7090, -4.08)
(7140, -4.08)
(7190, -4.1)
(7240, -4.08)
(7290, -4.09)
(7340, -4.08)
(7390, -4.08)
(7440, -4.1)
(7490, -4.08)
(7540, -4.08)
(7590, -4.08)
(7640, -4.08)
(7690, -4.08)
(7740, -4.09)
(7790, -4.06)
(7840, -4.08)
(7890, -4.08)
(7940, -4.09)
(7990, -4.08)
(8040, -4.09)
(8090, -4.1)
(8140, -4.07)
(8190, -4.09)
(8240, -4.09)
(8290, -4.08)
(8340, -4.08)
(8390, -4.09)
(8440, -4.08)
(8491, -4.1)
(8541, -4.08)
(8591, -4.08)
(8641, -4.1)
(8691, -4.1)
(8741, -4.08)
(8791, -4.08)
(8841, -4.07)
(8891, -4.08)
(8941, -4.09)
(8991, -4.08)
(9041, -4.08)
(9091, -4.09)
(9141, -4.1)
(9191, -4.06)
(9241, -4.07)
(9291, -4.1)
(9341, -4.09)
(9391, -4.08)
(9441, -4.08)
(9491, -4.1)
(9541, -4.09)
(9591, -4.1)
(9641, -4.08)
(9691, -4.09)
(9741, -4.09)
(9791, -4.08)
(9841, -4.08)
(9891, -4.08)
(9942, -4.08)
(9992, -4.08)
(10042, -4.07)
(10092, -4.09)
(10142, -4.1)
(10192, -4.1)
(10242, -4.07)
(10292, -30.89)
(10342, -4.1)
(10392, -4.09)
(10442, -4.07)
(10492, -4.08)
(10542, -4.1)
(10592, -4.08)
(10642, -4.08)
(10692, -4.09)
(10742, -4.09)
(10792, -4.1)
(10842, -4.09)
(10892, -4.08)
(10942, -4.09)
(10992, -4.09)
(11042, -4.08)
(11092, -4.08)
(11142, -4.09)
(11192, -4.1)
(11242, -4.09)
(11292, -4.07)
(11342, -4.09)
(11392, -4.09)
(11442, -4.09)
(11492, -4.08)
(11542, -4.1)
(11592, -4.1)
(11642, -4.09)
(11692, -4.07)
(11742, -4.09)
(11792, -4.1)
(11842, -4.09)
(11892, -4.08)
(11942, -4.09)
(11992, -4.09)
(12042, -4.09)
(12092, -4.09)
(12142, -4.09)
(12192, -4.09)
(12242, -4.08)
(12292, -4.08)
(12342, -4.09)
(12392, -4.1)
(12442, -4.1)
(12492, -4.07)
(12542, -4.09)
(12592, -4.1)
(12642, -4.09)
(12692, -4.08)
(12742, -4.07)
(12792, -4.1)
(12843, -4.09)
(12893, -4.07)
(12943, -4.07)
(12993, -4.11)
(13043, -4.1)
(13093, -4.07)
(13143, -4.09)
(13193, -4.1)
(13243, -4.09)
(13293, -4.09)
(13343, -4.08)
(13393, -4.1)
(13443, -4.07)
(13493, -4.1)
(13543, -4.09)
(13593, -4.09)
(13643, -4.09)
(13693, -4.08)
(13743, -4.1)
(13793, -4.1)
(13843, -4.1)
(13893, -4.08)
(13943, -4.08)
(13993, -4.09)
(14043, -4.09)
(14093, -4.09)
(14143, -4.08)
(14193, -4.09)
(14243, -4.09)
(14294, -4.09)
(14344, -4.08)
(14394, -4.09)
(14444, -4.09)
(14494, -4.1)
(14544, -4.08)
(14594, -4.07)
(14644, -4.1)
(14694, -4.09)
(14744, -4.09)
(14794, -4.1)
(14844, -4.1)
(14894, -0.54)
(14944, 14.77)
(14994, 26.17)
(15044, 21.1)
(15094, 17.85)
(15144, 15.25)
(15194, 8.7)
(15244, -1.22)
(15294, -4.75)
(15344, -4.05)
(15394, -4.06)
(15444, -4.05)
(15494, -4.07)
(15544, -4.07)
(15594, -4.05)
(15644, -4.06)
(15694, -4.08)
(15744, -4.06)
(15794, -4.05)
(15844, -4.08)
(15894, -4.07)
(15944, -4.06)
(15994, -4.07)
(16044, -4.05)
(16094, -4.08)
(16144, -4.06)
(16194, -4.06)
(16244, -4.06)
(16294, -4.06)
(16344, -4.06)
(16394, -4.07)
(16444, -4.05)
(16494, -4.06)
(16544, -4.06)
(16594, -4.07)
(16644, -4.06)
(16694, -4.07)
(16744, -4.05)
(16794, -4.07)
(16844, -4.07)
(16894, -4.08)
(16944, -4.06)
(16994, -4.07)
(17044, -4.06)
(17094, -4.07)
(17144, -4.07)
(17195, -4.07)
(17245, -4.06)
(17295, -4.06)
(17345, -4.06)
(17395, -4.07)
(17445, -4.06)
(17495, -4.07)
(17545, -4.07)
(17595, -4.07)
(17645, -4.05)
(17695, -4.08)
(17745, -4.07)
(17795, -4.07)
(17845, -4.06)
(17895, -4.07)
(17945, -4.06)
(17995, -4.05)
(18045, -4.06)
(18095, -4.07)
(18145, -4.08)
(18195, -4.09)
(18245, -4.07)
(18295, -4.06)
(18345, -4.07)
(18395, -4.07)
(18445, -4.06)
(18495, -4.06)
(18545, -4.06)
(18595, -4.07)
(18646, -4.08)
(18696, -4.06)
(18746, -4.06)
(18796, -4.07)
(18846, -4.05)
(18896, -4.06)
(18946, -4.06)
(18996, -4.08)
(19046, -4.06)
(19096, -4.05)
(19146, -4.07)
(19196, -4.06)
(19246, -4.07)
(19296, -4.05)
(19346, -4.07)
(19396, -4.06)
(19446, -4.08)
(19496, -4.06)
(19546, -4.07)
(19596, -4.07)
(19646, -4.08)
(19696, -4.06)
(19746, -4.06)
(19796, -4.06)
(19846, -4.07)
(19896, -4.06)
(19946, -4.07)
(19996, -4.08)
(20046, -4.07)
(20096, -4.06)
(20146, -4.06)
(20196, -4.07)
(20246, -4.07)
(20296, -4.06)
(20346, -4.06)
(20396, -4.06)
(20446, -4.06)
(20496, -4.06)
(20546, -4.06)
(20596, -4.06)
(20646, -4.07)
(20696, -4.06)
(20746, -4.06)
(20796, -4.07)
(20846, -4.07)
(20896, -4.06)
(20946, -2.99)
(20996, 0.92)
(21046, 11.87)
(21096, 11.53)
(21146, 22.53)
(21196, 45.15)
(21246, 61.94)
(21296, 76.62)
(21346, 87.96)
(21396, 96.45)
(21446, 99.15)
(21496, 97.7)
(21547, 96.1)
(21597, 96.65)
(21647, 97.74)
(21697, 100.4)
(21747, 104.15)
(21797, 106.12)
(21847, 105.6)
(21897, 104.86)
(21947, 100.01)
(21997, 101.26)
(22047, 103.6)
(22097, 102.42)
(22147, 102.47)
(22197, 102.28)
(22247, 102.44)
(22297, 103.17)
(22347, 102.31)
(22397, 102.16)
(22447, 102.7)
(22497, 102.73)
(22547, 102.57)
(22597, 101.8)
(22647, 104.85)
(22697, 101.32)
(22747, 96.57)
(22797, 103.46)
(22847, 105.46)
(22897, 101.61)
(22947, 100.96)
(22998, 102.43)
(23048, 103.4)
(23098, 102.22)
(23148, 102.11)
(23198, 102.64)
(23248, 102.77)
(23298, 102.3)
(23348, 102.23)
(23398, 102.51)
(23448, 101.89)
(23498, 102.44)
(23548, 102.93)
(23598, 102.59)
(23648, 102.49)
(23698, 102.64)
(23748, 102.49)
(23798, 102.41)
(23848, 102.42)
(23898, 102.5)
(23948, 102.43)
(23998, 102.36)
(24048, 102.11)
(24098, 102.37)
(24148, 102.48)
(24198, 102.51)
(24248, 102.28)
(24298, 102.65)
(24348, 102.49)
(24398, 102.39)
(24448, 102.38)
(24498, 102.45)
(24548, 102.21)
(24598, 102.56)
(24648, 102.7)
(24698, 102.36)
(24748, 102.31)
(24798, 102.44)
(24848, 102.51)
(24898, 102.15)
(24948, 102.22)
(24998, 102.46)
(25048, 102.5)
(25098, 102.4)
(25148, 102.26)
(25198, 102.45)
(25248, 102.4)
(25298, 102.38)
(25348, 102.62)
(25398, 102.47)
(25448, 102.35)
(25498, 102.4)
(25548, 102.47)
(25598, 102.44)
(25648, 102.59)
(25698, 102.41)
(25748, 102.43)
(25798, 102.48)
(25848, 102.5)
(25899, 102.26)
(25949, 102.33)
(25999, 102.48)
(26049, 102.41)
(26099, 102.4)
(26149, 102.42)
(26199, 102.41)
(26249, 102.43)
(26299, 102.48)
(26349, 102.41)
(26399, 102.25)
(26449, 102.42)
(26499, 102.59)
(26549, 102.38)
(26599, 102.37)
(26649, 102.46)
(26699, 102.41)
(26749, 102.41)
(26799, 102.45)
(26849, 102.58)
(26899, 102.48)
(26949, 102.31)
(26999, 102.39)
(27049, 102.4)
(27099, 102.5)
(27149, 102.42)
(27199, 102.51)
(27249, 102.48)
(27299, 102.41)
(27350, 102.46)
(27400, 102.39)
(27450, 102.18)
(27500, 102.34)
(27550, 102.41)
(27600, 102.48)
(27650, 102.34)
(27700, 102.41)
(27750, 102.38)
(27800, 102.36)
(27850, 102.54)
(27900, 102.68)
(27950, 102.16)
(28000, 102.18)
(28050, 102.51)
(28100, 102.42)
(28150, 102.35)
(28200, 102.45)
(28250, 102.43)
(28300, 102.51)
(28350, 102.49)
(28400, 102.47)
(28450, 102.52)
(28500, 102.26)
(28550, 102.38)
(28600, 102.56)
(28650, 102.42)
(28700, 102.48)
(28750, 103.21)
(28800, 103.86)
(28850, 102.02)
(28900, 97.73)
(28950, 77.39)
(29000, 36.68)
(29050, 40.68)
(29100, 80.42)
(29150, 106.89)
(29200, 133.2)
(29250, 152.87)
(29300, 151.0)
(29350, 145.07)
(29400, 120.94)
(29450, 107.15)
(29500, 96.43)
(29550, 93.04)
(29600, 94.7)
(29650, 97.13)
(29700, 102.89)
(29750, 105.58)
(29800, 108.12)
(29850, 106.38)
(29900, 103.84)
(29950, 101.41)
(30000, 101.35)
(30050, 103.11)
(30100, 104.29)
(30150, 103.59)
(30200, 102.56)
(30251, 100.73)
(30301, 100.49)
(30351, 101.03)
(30401, 100.39)
(30451, 100.43)
(30501, 101.45)
(30551, 99.93)
(30601, 99.84)
(30651, 100.32)
(30701, 105.07)
(30751, 110.43)
(30801, 124.37)
(30851, 138.63)
(30901, 139.8)
(30951, 134.43)
(31001, 133.09)
(31051, 100.75)
(31101, 58.78)
(31151, 38.6)
(31201, 42.34)
(31251, 97.47)
(31301, 115.19)
(31351, 106.59)
(31401, 99.21)
(31451, 98.03)
(31501, 102.77)
(31551, 105.38)
(31601, 103.49)
(31651, 99.33)
(31702, 102.82)
(31752, 103.83)
(31802, 102.4)
(31852, 101.85)
(31902, 102.05)
(31952, 102.69)
(32002, 102.44)
(32052, 101.32)
(32102, 101.65)
(32152, 103.46)
(32202, 102.91)
(32252, 101.39)
(32302, 101.94)
(32352, 103.1)
(32402, 103.04)
(32452, 102.82)
(32502, 102.49)
(32552, 102.37)
(32602, 102.3)
(32652, 102.66)
(32702, 102.53)
(32752, 102.19)
(32802, 102.16)
(32852, 102.34)
(32902, 102.55)
(32952, 102.3)
(33002, 102.46)
(33052, 102.46)
(33102, 102.47)
(33152, 102.54)
(33202, 102.65)
(33252, 102.24)
(33302, 102.16)
(33352, 102.44)
(33402, 102.44)
(33452, 102.37)
(33502, 102.43)
(33552, 102.56)
(33602, 102.4)
(33652, 102.45)
(33702, 102.56)
(33752, 102.18)
(33802, 101.91)
(33852, 102.04)
(33902, 101.96)
(33952, 101.71)
(34002, 100.74)
(34052, 91.81)
(34102, 71.44)
(34152, 56.52)
(34202, 89.57)
(34252, 111.93)
(34302, 154.9)
(34352, 233.52)
(34402, 237.98)
(34452, 182.03)
(34502, 62.61)
(34552, -4.11)
(34603, -4.03)
(34653, -4.03)
(34703, -4.02)
(34753, 12.56)
(34803, 155.29)
(34853, 294.36)
(34903, 251.21)
(34953, 97.84)
(35003, 35.42)
(35053, 26.74)
(35103, 49.82)
(35153, 134.82)
(35203, 178.82)
(35253, 111.57)
(35303, 74.05)
(35353, 78.48)
(35403, 103.61)
(35453, 125.28)
(35503, 112.94)
(35553, 93.67)
(35603, 93.71)
(35653, 105.74)
(35703, 110.41)
(35753, 99.83)
(35803, 97.75)
(35853, 103.06)
(35903, 105.22)
(35953, 102.37)
(36003, 100.67)
(36054, 102.28)
(36104, 103.21)
(36154, 102.41)
(36204, 102.05)
(36254, 102.5)
(36304, 102.35)
(36354, 102.25)
(36404, 102.4)
(36454, 102.25)
(36504, 102.35)
(36554, 102.58)
(36604, 102.34)
(36654, 102.63)
(36704, 102.39)
(36754, 102.36)
(36804, 102.34)
(36854, 102.41)
(36904, 102.42)
(36954, 102.39)
(37004, 102.18)
(37054, 102.34)
(37104, 102.39)
(37154, 102.42)
(37204, 102.38)
(37254, 102.42)
(37304, 102.24)
(37354, 102.36)
(37404, 102.25)
(37454, 102.5)
(37504, 102.16)
(37554, 102.38)
(37604, 102.38)
(37654, 102.27)
(37704, 102.08)
(37754, 102.38)
(37804, 102.47)
(37854, 102.13)
(37904, 102.7)
(37954, 103.12)
(38004, 102.84)
(38054, 102.83)
(38104, 103.3)
(38154, 102.39)
(38204, 100.78)
(38254, 99.67)
(38304, 96.03)
(38354, 85.79)
(38404, 71.48)
(38454, 63.05)
(38504, 67.35)
(38554, 82.35)
(38604, 102.88)
(38654, 126.72)
(38704, 163.62)
(38754, 199.35)
(38804, 214.98)
(38854, 211.75)
(38904, 206.09)
(38955, 160.72)
(39005, 22.22)
(39055, -4.03)
(39105, -4.05)
(39155, -4.05)
(39205, -4.06)
(39255, -4.05)
(39305, -4.05)
(39355, 1.95)
(39405, 170.96)
(39455, 304.01)
(39505, 254.28)
(39555, 157.19)
(39605, 98.23)
(39655, 66.1)
(39705, 64.18)
(39755, 80.24)
(39805, 101.9)
(39855, 112.25)
(39905, 101.11)
(39955, 96.24)
(40005, 99.24)
(40055, 101.74)
(40105, 102.28)
(40155, 102.81)
(40205, 102.19)
(40255, 102.55)
(40305, 101.39)
(40355, 102.28)
(40406, 102.7)
(40456, 102.52)
(40506, 102.03)
(40556, 102.02)
(40606, 101.91)
(40656, 101.86)
(40706, 101.96)
(40756, 101.76)
(40806, 102.35)
(40856, 102.17)
(40906, 102.27)
(40956, 102.5)
(41006, 102.33)
(41056, 101.96)
(41106, 102.05)
(41156, 101.75)
(41206, 101.86)
(41256, 102.37)
(41306, 102.44)
(41356, 101.83)
(41406, 102.16)
(41456, 102.05)
(41506, 102.18)
(41556, 102.16)
(41606, 102.12)
(41656, 102.24)
(41706, 102.34)
(41756, 102.15)
(41806, 102.16)
(41856, 102.3)
(41906, 102.22)
(41956, 101.82)
(42006, 102.14)
(42056, 102.3)
(42106, 102.14)
(42156, 102.09)
(42206, 102.26)
(42256, 102.0)
(42306, 102.26)
(42356, 102.04)
(42406, 101.98)
(42456, 102.06)
(42506, 102.23)
(42556, 102.32)
(42606, 102.33)
(42656, 102.33)
(42706, 102.12)
(42756, 102.17)
(42806, 101.9)
(42856, 102.16)
(42906, 102.18)
(42956, 102.14)
(43006, 102.2)
(43056, 102.2)
(43106, 102.01)
(43156, 102.08)
(43206, 102.18)
(43256, 102.13)
(43307, 102.14)
(43357, 102.28)
(43407, 101.73)
(43457, 101.6)
(43507, 101.89)
(43557, 101.6)
(43607, 100.73)
(43657, 100.7)
(43707, 101.15)
(43757, 103.91)
(43807, 122.32)
(43857, 152.1)
(43907, 160.6)
(43957, 123.31)
(44007, 57.19)
(44057, 27.8)
(44107, 41.13)
(44157, 91.28)
(44207, 141.2)
(44257, 121.87)
(44307, 92.58)
(44357, 88.62)
(44407, 111.73)
(44457, 109.34)
(44507, 100.06)
(44557, 96.57)
(44607, 105.8)
(44657, 102.29)
(44707, 94.43)
(44758, 81.53)
(44808, 56.75)
(44858, 66.14)
(44908, 109.65)
(44958, 150.96)
(45008, 169.04)
(45058, 92.64)
(45108, 83.54)
(45158, 102.52)
(45208, 110.27)
(45258, 99.93)
(45308, 98.5)
(45358, 103.17)
(45408, 102.57)
(45458, 101.49)
(45508, 102.07)
(45558, 101.54)
(45608, 101.64)
(45658, 105.18)
(45708, 106.81)
(45758, 110.8)
(45808, 126.79)
(45858, 151.03)
(45908, 114.93)
(45958, 58.71)
(46008, 33.34)
(46058, 59.67)
(46108, 152.48)
(46158, 185.0)
(46208, 108.22)
(46258, 34.1)
(46308, 43.82)
(46358, 122.4)
(46408, 185.05)
(46458, 117.64)
(46508, 45.86)
(46558, 38.76)
(46608, 84.44)
(46658, 170.61)
(46708, 160.93)
(46758, 91.89)
(46808, 42.53)
(46858, 44.88)
(46908, 132.51)
(46958, 194.35)
(47008, 140.45)
(47058, 35.2)
(47108, 34.58)
(47158, 86.01)
(47208, 180.94)
(47258, 172.48)
(47308, 65.72)
(47358, 29.78)
(47408, 50.12)
(47458, 135.31)
(47508, 197.02)
(47558, 119.11)
(47608, 30.96)
(47659, 14.53)
(47709, 79.94)
(47759, 200.4)
(47809, 218.76)
(47859, 101.23)
(47909, 9.07)
(47959, 21.65)
(48009, 82.01)
(48059, 185.37)
(48109, 203.31)
(48159, 79.58)
(48209, 22.29)
(48259, 23.65)
(48309, 135.75)
(48359, 221.93)
(48409, 153.09)
(48459, 42.74)
(48509, 17.71)
(48559, 70.91)
(48609, 161.15)
(48659, 201.61)
(48709, 90.8)
(48759, 35.29)
(48809, 40.86)
(48859, 99.68)
(48909, 187.43)
(48959, 138.99)
(49009, 58.29)
(49059, 33.77)
(49110, 68.14)
(49160, 158.79)
(49210, 191.52)
(49260, 116.58)
(49310, 46.26)
(49360, 52.71)
(49410, 101.55)
(49460, 164.98)
(49510, 153.49)
(49560, 76.03)
(49610, 43.5)
(49660, 44.29)
(49710, 89.96)
(49760, 173.04)
(49810, 157.5)
(49860, 91.62)
(49910, 55.31)
(49960, 62.4)
(50010, 117.57)
(50060, 156.18)
(50110, 141.18)
(50160, 78.14)
(50210, 55.62)
(50260, 67.06)
(50310, 125.8)
(50360, 154.72)
(50410, 113.44)
(50460, 71.69)
(50510, 60.17)
(50560, 97.48)
(50610, 135.4)
(50660, 139.51)
(50710, 105.25)
(50760, 81.6)
(50810, 85.68)
(50860, 101.01)
(50910, 112.16)
(50960, 110.35)
(51010, 101.62)
(51060, 96.38)
(51110, 97.47)
(51160, 101.05)
(51210, 104.03)
(51260, 103.14)
(51310, 102.34)
(51360, 101.75)
(51410, 102.33)
(51460, 103.43)
(51510, 103.95)
(51560, 102.01)
(51610, 101.01)
(51660, 104.39)
(51710, 102.6)
(51760, 100.78)
(51810, 102.44)
(51860, 102.87)
(51910, 101.87)
(51960, 101.34)
(52011, 102.43)
(52061, 104.43)
(52111, 103.75)
(52161, 101.42)
(52211, 100.95)
(52261, 102.57)
(52311, 103.34)
(52361, 103.22)
(52411, 102.56)
(52461, 101.4)
(52511, 101.76)
(52561, 102.74)
(52611, 103.1)
(52661, 102.54)
(52711, 102.37)
(52761, 102.92)
(52811, 103.57)
(52861, 102.91)
(52911, 102.12)
(52961, 101.69)
(53011, 101.55)
(53061, 101.96)
(53111, 101.83)
(53161, 102.84)
(53211, 103.04)
(53261, 102.85)
(53311, 100.77)
(53361, 98.93)
(53411, 103.75)
(53462, 107.87)
(53512, 103.9)
(53562, 100.13)
(53612, 99.96)
(53662, 101.74)
(53712, 103.55)
(53762, 105.46)
(53812, 104.46)
(53862, 102.38)
(53912, 99.69)
(53962, 98.66)
(54012, 99.48)
(54062, 106.3)
(54112, 106.06)
(54162, 103.47)
(54212, 100.28)
(54262, 100.13)
(54312, 102.95)
(54362, 104.56)
(54412, 102.29)
(54462, 101.25)
(54512, 102.89)
(54562, 102.96)
(54612, 102.43)
(54662, 103.55)
(54712, 102.6)
(54762, 100.79)
(54812, 101.69)
(54862, 103.8)
(54912, 102.89)
(54962, 102.04)
(55012, 101.86)
(55062, 102.28)
(55112, 101.72)
(55162, 99.71)
(55212, 100.64)
(55262, 101.35)
(55312, 103.34)
(55362, 105.29)
(55412, 105.8)
(55462, 104.94)
(55512, 101.54)
(55562, 100.64)
(55612, 101.48)
(55662, 103.38)
(55712, 102.97)
(55762, 101.07)
(55812, 99.85)
(55862, 103.07)
(55912, 104.34)
(55962, 102.2)
(56012, 100.56)
(56062, 101.14)
(56112, 103.71)
(56162, 101.92)
(56212, 102.69)
(56262, 103.94)
(56312, 104.13)
(56363, 101.56)
(56413, 100.46)
(56463, 102.09)
(56513, 104.35)
(56563, 103.76)
(56613, 101.87)
(56663, 101.09)
(56713, 101.92)
(56763, 100.38)
(56813, 90.11)
(56863, 84.22)
(56913, 83.87)
(56963, 102.12)
(57013, 114.32)
(57063, 106.05)
(57113, 99.36)
(57163, 110.36)
(57213, 113.42)
(57263, 109.04)
(57313, 105.11)
(57363, 117.67)
(57413, 140.18)
(57463, 165.5)
(57513, 174.09)
(57563, 102.62)
(57613, 37.93)
(57663, 14.03)
(57713, 23.93)
(57763, 113.06)
(57814, 148.27)
(57864, 131.8)
(57914, 97.61)
(57964, 86.54)
(58014, 93.82)
(58064, 102.16)
(58114, 112.42)
(58164, 101.31)
(58214, 94.31)
(58264, 98.77)
(58314, 103.72)
(58364, 101.93)
(58414, 85.59)
(58464, 71.24)
(58514, 62.0)
(58564, 94.93)
(58614, 144.65)
(58664, 188.64)
(58714, 110.81)
(58764, 69.17)
(58814, 89.35)
(58864, 131.29)
(58914, 112.05)
(58964, 89.24)
(59014, 98.88)
(59064, 110.36)
(59114, 106.04)
(59164, 98.73)
(59214, 99.69)
(59264, 105.18)
(59314, 104.53)
(59364, 101.02)
(59414, 101.14)
(59464, 103.53)
(59514, 103.62)
(59564, 101.91)
(59614, 102.08)
(59664, 102.98)
(59714, 102.69)
(59764, 101.73)
(59814, 103.52)
(59864, 105.37)
(59914, 101.0)
(59964, 93.12)
(60014, 74.08)
(60064, 51.56)
(60114, 55.61)
(60164, 72.81)
(60214, 95.53)
(60264, 122.53)
(60314, 139.24)
(60364, 139.64)
(60414, 136.83)
(60464, 128.62)
(60514, 121.37)
(60564, 112.92)
(60614, 106.56)
(60664, 96.07)
(60715, 94.76)
(60765, 96.22)
(60815, 98.73)
(60865, 101.98)
(60915, 106.37)
(60965, 106.51)
(61015, 104.6)
(61065, 104.6)
(61115, 103.52)
(61165, 99.93)
(61215, 98.65)
(61265, 99.74)
(61315, 99.1)
(61365, 101.17)
(61415, 103.56)
(61465, 104.58)
(61515, 102.66)
(61565, 101.96)
(61615, 102.47)
(61665, 101.29)
(61715, 101.32)
(61765, 100.89)
(61815, 103.2)
(61865, 100.76)
(61915, 102.61)
(61965, 101.98)
(62015, 103.18)
(62065, 102.5)
(62115, 104.54)
(62166, 101.95)
(62216, 102.64)
(62266, 102.19)
(62316, 102.1)
(62366, 101.53)
(62416, 99.18)
(62466, 98.56)
(62516, 99.96)
(62566, 100.95)
(62616, 100.89)
(62666, 103.07)
(62716, 104.14)
(62766, 103.92)
(62816, 105.69)
(62866, 104.86)
(62916, 103.89)
(62966, 105.72)
(63016, 108.25)
(63066, 109.08)
(63116, 105.9)
(63166, 104.73)
(63216, 106.42)
(63266, 107.38)
(63316, 107.74)
(63366, 104.9)
(63416, 103.24)
(63466, 102.25)
(63516, 100.4)
(63566, 99.76)
(63616, 102.07)
(63666, 102.29)
(63716, 101.54)
(63766, 103.74)
(63816, 102.32)
(63866, 100.51)
(63916, 101.39)
(63966, 100.68)
(64016, 99.94)
(64066, 100.22)
(64116, 101.98)
(64166, 105.04)
(64216, 104.05)
(64266, 99.46)
(64316, 95.32)
(64366, 90.81)
(64416, 94.86)
(64466, 99.08)
(64516, 101.56)
(64566, 103.32)
(64616, 103.53)
(64666, 101.63)
(64716, 100.84)
(64766, 102.17)
(64816, 102.35)
(64866, 102.35)
(64916, 102.34)
(64966, 101.99)
(65016, 102.03)
(65067, 102.5)
(65117, 102.62)
(65167, 102.19)
(65217, 102.22)
(65267, 102.43)
(65317, 101.84)
(65367, 102.51)
(65417, 103.03)
(65467, 102.19)
(65517, 101.68)
(65567, 102.34)
(65617, 102.3)
(65667, 102.19)
(65717, 102.31)
(65767, 102.58)
(65817, 102.53)
(65867, 102.07)
(65917, 102.21)
(65967, 102.52)
(66017, 102.08)
(66067, 101.82)
(66117, 102.13)
(66167, 102.84)
(66217, 102.44)
(66267, 102.1)
(66317, 102.12)
(66367, 102.27)
(66417, 102.62)
(66467, 102.34)
(66518, 102.0)
(66568, 101.97)
(66618, 102.49)
(66668, 102.5)
(66718, 102.17)
(66768, 102.31)
(66818, 102.4)
(66868, 102.29)
(66918, 102.43)
(66968, 102.34)
(67018, 102.03)
(67068, 102.25)
(67118, 102.39)
(67168, 102.35)
(67218, 102.2)
(67268, 102.34)
(67318, 102.46)
(67368, 102.4)
(67418, 102.36)
(67468, 102.42)
(67518, 102.08)
(67568, 102.1)
(67618, 102.41)
(67668, 102.42)
(67718, 102.37)
(67768, 102.36)
(67818, 102.22)
(67868, 102.33)
(67918, 102.42)
(67968, 102.23)
(68018, 102.08)
(68068, 102.38)
(68118, 102.51)
(68168, 102.55)
(68218, 102.42)
(68268, 102.09)
(68318, 102.2)
(68368, 102.21)
(68418, 101.78)
(68468, 100.96)
(68518, 102.26)
(68568, 102.47)
(68618, 101.86)
(68668, 100.28)
(68718, 98.91)
(68768, 94.81)
(68818, 85.48)
(68868, 71.61)
(68918, 71.53)
(68968, 73.19)
(69018, 84.44)
(69068, 115.36)
(69118, 134.19)
(69168, 147.47)
(69218, 152.04)
(69268, 138.17)
(69318, 113.12)
(69368, 92.31)
(69419, 82.26)
(69469, 78.18)
(69519, 88.39)
(69569, 106.37)
(69619, 116.29)
(69669, 119.03)
(69719, 112.65)
(69769, 101.47)
(69819, 93.71)
(69869, 90.78)
(69919, 96.68)
(69969, 101.15)
(70019, 105.36)
(70069, 106.85)
(70119, 106.38)
(70169, 106.73)
(70219, 104.38)
(70269, 99.49)
(70319, 95.88)
(70369, 96.5)
(70419, 101.98)
(70469, 105.22)
(70519, 107.88)
(70569, 105.77)
(70619, 102.23)
(70669, 101.58)
(70719, 102.11)
(70769, 100.7)
(70819, 100.46)
(70870, 100.77)
(70920, 101.73)
(70970, 102.21)
(71020, 103.05)
(71070, 102.22)
(71120, 101.56)
(71170, 101.61)
(71220, 103.88)
(71270, 105.06)
(71320, 105.57)
(71370, 103.84)
(71420, 102.62)
(71470, 100.9)
(71520, 97.4)
(71570, 95.73)
(71620, 98.61)
(71670, 102.47)
(71720, 105.37)
(71770, 106.32)
(71820, 104.98)
(71870, 101.23)
(71920, 96.89)
(71970, 95.58)
(72020, 93.65)
(72070, 92.77)
(72120, 91.54)
(72170, 96.61)
(72220, 109.76)
(72270, 127.72)
(72320, 156.39)
(72370, 189.49)
(72420, 201.44)
(72470, 200.19)
(72520, 197.52)
(72570, 103.15)
(72620, -3.92)
(72670, -4.06)
(72720, -4.06)
(72770, -4.07)
(72820, -4.07)
(72870, -4.07)
(72920, -4.06)
(72970, -4.09)
(73020, 114.02)
(73070, 385.96)
(73120, 242.33)
(73170, 177.59)
(73220, 147.34)
(73270, 107.75)
(73320, 78.94)
(73370, 74.5)
(73420, 84.29)
(73470, 93.5)
(73520, 104.02)
(73570, 104.7)
(73620, 103.37)
(73670, 102.56)
(73720, 98.57)
(73771, 97.28)
(73821, 98.22)
(73871, 99.49)
(73921, 100.85)
(73971, 101.26)
(74021, 102.45)
(74071, 102.65)
(74121, 102.23)
(74171, 101.95)
(74221, 102.57)
(74271, 102.46)
(74321, 101.93)
(74371, 101.93)
(74421, 102.5)
(74471, 102.4)
(74521, 102.32)
(74571, 102.3)
(74621, 102.36)
(74671, 102.51)
(74721, 102.74)
(74771, 102.47)
(74821, 102.21)
(74871, 102.63)
(74921, 102.28)
(74971, 102.26)
(75021, 102.27)
(75071, 102.24)
(75121, 102.43)
(75171, 102.63)
(75222, 102.34)
(75272, 102.47)
(75322, 102.57)
(75372, 102.36)
(75422, 102.04)
(75472, 102.57)
(75522, 102.43)
(75572, 102.32)
(75622, 102.25)
(75672, 102.06)
(75722, 102.33)
(75772, 102.28)
(75822, 102.93)
(75872, 102.33)
(75922, 103.47)
(75972, 103.18)
(76022, 102.56)
(76072, 101.25)
(76122, 100.34)
(76172, 102.41)
(76222, 101.39)
(76272, 100.88)
(76322, 101.26)
(76372, 100.26)
(76422, 98.26)
(76472, 97.95)
(76522, 96.2)
(76572, 89.36)
(76622, 72.93)
(76672, 46.86)
(76722, 15.78)
(76772, 1.65)
(76822, -3.88)
(76872, -4.35)
(76922, -4.01)
(76972, -4.0)
(77022, -4.0)
(77072, -4.0)
(77122, -4.0)
(77172, -3.99)
(77222, -4.0)
(77272, -3.99)
(77322, -4.02)
(77372, -4.0)
(77422, -4.0)
(77472, -4.0)
(77522, -4.0)
(77572, -3.99)
(77622, -4.01)
(77672, -4.01)
(77722, -3.98)
(77772, -3.99)
(77822, -4.0)
(77872, -4.0)
(77922, -4.0)
(77972, -4.0)
(78022, -3.99)
(78072, -3.99)
(78123, -4.0)
(78173, -4.0)
(78223, -4.0)
(78273, -4.0)
(78323, -3.99)
(78373, -4.0)
(78423, -4.01)
(78473, -3.99)
(78523, -4.0)
(78573, -3.99)
(78623, -3.99)
(78673, -3.98)
(78723, -4.0)
(78773, -3.99)
(78823, -3.98)
(78873, -3.97)
(78923, -3.99)
(78973, -4.0)
(79023, -3.98)
(79073, -3.98)
(79123, -4.0)
(79173, -3.99)
(79223, -3.99)
