(31, 160.85)
(81, 153.0)
(131, 148.32)
(181, 148.78)
(231, 152.07)
(281, 158.74)
(331, 166.92)
(381, 167.97)
(431, 154.07)
(481, 145.75)
(531, 160.75)
(581, 164.02)
(631, 154.72)
(681, 150.45)
(731, 155.98)
(781, 161.25)
(831, 158.76)
(881, 154.37)
(931, 155.6)
(982, 159.89)
(1032, 159.53)
(1082, 157.41)
(1132, 157.65)
(1182, 157.8)
(1232, 157.81)
(1282, 158.6)
(1332, 157.03)
(1382, 156.15)
(1432, 158.25)
(1482, 161.34)
(1532, 162.48)
(1582, 159.99)
(1632, 152.65)
(1682, 153.71)
(1732, 157.11)
(1782, 157.84)
(1832, 151.69)
(1882, 147.08)
(1932, 143.74)
(1982, 130.49)
(2032, 94.64)
(2082, 50.78)
(2132, 21.49)
(2182, 0.07)
(2232, -3.39)
(2282, -3.4)
(2332, -3.4)
(2382, -3.4)
(2432, -3.4)
(2482, -3.41)
(2532, -3.42)
(2582, -3.41)
(2632, -3.42)
(2682, -3.4)
(2732, -3.42)
(2782, -3.42)
(2832, -3.4)
(2882, -3.42)
(2932, -3.4)
(2982, -3.41)
(3032, -3.42)
(3082, -3.4)
(3132, -3.41)
(3182, -3.41)
(3232, -3.42)
(3282, -3.41)
(3332, -3.41)
(3382, -3.43)
(3432, -3.41)
(3482, -3.41)
(3532, -3.41)
(3582, -3.43)
(3632, -3.41)
(3682, -3.4)
(3732, -3.41)
(3782, -3.42)
(3832, -3.42)
(3883, -3.41)
(3933, -3.42)
(3983, -3.41)
(4033, -3.41)
(4083, -3.41)
(4133, -3.4)
(4183, -3.41)
(4233, -3.42)
(4283, -3.42)
(4333, -3.42)
(4383, -3.4)
(4433, -3.41)
(4483, -3.4)
(4533, -3.41)
(4583, -3.42)
(4633, -3.42)
(4683, -3.41)
(4733, -3.41)
(4783, -3.43)
(4833, -3.41)
(4883, -3.41)
(4933, -3.41)
(4983, -3.42)
(5033, -3.42)
(5083, -3.42)
(5133, -3.42)
(5183, -3.43)
(5233, -3.41)
(5283, -3.42)
(5334, -3.42)
(5384, -3.42)
(5434, -3.41)
(5484, -3.42)
(5534, -3.43)
(5584, -3.44)
(5634, -3.41)
(5684, -3.42)
(5734, -3.41)
(5784, -3.41)
(5834, -3.42)
(5884, -3.42)
(5934, -3.4)
(5984, -3.4)
(6034, -3.41)
(6084, -3.42)
(6134, -3.41)
(6184, -3.43)
(6234, -3.41)
(6284, -3.43)
(6334, -3.41)
(6384, -3.4)
(6434, -3.42)
(6484, -3.43)
(6534, -3.42)
(6584, -3.42)
(6634, -3.41)
(6684, -3.4)
(6734, -3.42)
(6784, -3.42)
(6834, -3.4)
(6884, -3.41)
(6934, -3.42)
(6984, -3.41)
(7034, -3.44)
(7084, -3.42)
(7134, -3.41)
(7184, -3.41)
(7234, -3.42)
(7284, -3.42)
(7334, -3.43)
(7384, -3.41)
(7434, -3.42)
(7484, -3.42)
(7534, -3.43)
(7584, -3.41)
(7634, -3.43)
(7684, -3.42)
(7734, -3.43)
(7784, -3.43)
(7834, -3.41)
(7884, 1.85)
(7934, 20.76)
(7984, 34.93)
(8034, 39.81)
(8084, 43.06)
(8134, 44.06)
(8184, 39.09)
(8235, 19.15)
(8285, -1.58)
(8335, -3.45)
(8385, -3.43)
(8435, -3.43)
(8485, -3.43)
(8535, -3.44)
(8585, -3.44)
(8635, -3.43)
(8685, -3.43)
(8735, -3.43)
(8785, -3.43)
(8835, -3.43)
(8885, -3.43)
(8935, -3.43)
(8985, -3.43)
(9035, -3.42)
(9085, -3.44)
(9135, -3.43)
(9185, -3.43)
(9235, -3.43)
(9285, -3.43)
(9335, -3.43)
(9385, -3.43)
(9435, -3.42)
(9485, -3.42)
(9535, -3.43)
(9585, -3.44)
(9635, -3.42)
(9686, -3.43)
(9736, -3.43)
(9786, -3.43)
(9836, -3.43)
(9886, -3.42)
(9936, -3.43)
(9986, -3.44)
(10036, -3.42)
(10086, -3.43)
(10136, -3.43)
(10186, -3.43)
(10236, -3.42)
(10286, -3.43)
(10336, -3.44)
(10386, -3.42)
(10436, -3.42)
(10486, -3.43)
(10536, -3.42)
(10586, -3.42)
(10636, -3.42)
(10686, -3.42)
(10736, -3.43)
(10786, -3.43)
(10836, -3.45)
(10886, -3.43)
(10936, -3.42)
(10986, -3.43)
(11036, -0.13)
(11086, 9.61)
(11136, 29.35)
(11186, 63.62)
(11236, 112.19)
(11286, 150.47)
(11336, 158.29)
(11386, 156.86)
(11436, 150.26)
(11486, 145.91)
(11536, 146.33)
(11586, 151.86)
(11636, 153.48)
(11686, 158.17)
(11736, 176.78)
(11786, 157.99)
(11836, 151.35)
(11886, 155.29)
(11936, 154.52)
(11986, 154.53)
(12036, 156.65)
(12086, 155.89)
(12136, 153.77)
(12186, 162.26)
(12236, 161.36)
(12286, 153.73)
(12336, 155.36)
(12386, 158.17)
(12436, 157.63)
(12486, 157.77)
(12536, 156.49)
(12587, 156.3)
(12637, 157.86)
(12687, 157.51)
(12737, 156.85)
(12787, 157.02)
(12837, 156.92)
(12887, 157.14)
(12937, 156.98)
(12987, 156.93)
(13037, 157.13)
(13087, 157.17)
(13137, 157.03)
(13187, 157.11)
(13237, 157.06)
(13287, 157.12)
(13337, 156.84)
(13387, 157.05)
(13437, 157.32)
(13487, 157.09)
(13537, 156.9)
(13587, 157.05)
(13637, 157.19)
(13687, 157.06)
(13737, 157.0)
(13787, 157.13)
(13837, 157.24)
(13887, 157.07)
(13937, 156.93)
(13987, 157.17)
(14038, 157.16)
(14088, 157.13)
(14138, 156.76)
(14188, 157.01)
(14238, 157.17)
(14288, 157.21)
(14338, 157.03)
(14388, 156.97)
(14438, 156.93)
(14488, 157.12)
(14538, 157.11)
(14588, 157.21)
(14638, 157.1)
(14688, 156.88)
(14738, 156.95)
(14788, 157.17)
(14838, 157.03)
(14888, 157.23)
(14938, 157.07)
(14988, 156.68)
(15038, 157.1)
(15088, 157.26)
(15138, 157.06)
(15188, 157.09)
(15238, 156.94)
(15288, 156.79)
(15338, 156.99)
(15388, 157.05)
(15438, 156.98)
(15488, 156.97)
(15538, 157.02)
(15588, 157.06)
(15638, 157.1)
(15688, 157.14)
(15738, 157.12)
(15788, 156.9)
(15838, 157.06)
(15888, 156.92)
(15938, 157.03)
(15988, 157.11)
(16038, 157.01)
(16088, 156.79)
(16138, 156.95)
(16188, 157.22)
(16238, 157.09)
(16288, 156.95)
(16338, 157.14)
(16388, 157.0)
(16438, 157.1)
(16488, 157.12)
(16538, 157.1)
(16588, 157.0)
(16638, 156.89)
(16688, 157.06)
(16738, 157.16)
(16788, 157.12)
(16838, 157.08)
(16888, 156.8)
(16939, 156.81)
(16989, 156.8)
(17039, 156.31)
(17089, 156.09)
(17139, 157.28)
(17189, 158.21)
(17239, 156.26)
(17289, 152.6)
(17339, 140.48)
(17389, 105.92)
(17439, 88.63)
(17489, 108.08)
(17539, 127.61)
(17589, 144.79)
(17639, 170.19)
(17689, 193.05)
(17739, 202.16)
(17789, 200.44)
(17839, 191.98)
(17889, 184.27)
(17939, 176.55)
(17989, 170.79)
(18039, 166.57)
(18089, 163.09)
(18139, 157.72)
(18189, 153.15)
(18239, 150.59)
(18289, 150.3)
(18339, 152.3)
(18390, 155.98)
(18440, 158.56)
(18490, 160.51)
(18540, 159.86)
(18590, 158.25)
(18640, 157.1)
(18690, 156.93)
(18740, 157.32)
(18790, 158.32)
(18840, 157.81)
(18890, 156.57)
(18940, 156.07)
(18990, 154.9)
(19040, 155.91)
(19090, 158.18)
(19140, 157.29)
(19190, 159.33)
(19240, 158.56)
(19290, 157.44)
(19340, 157.13)
(19390, 155.2)
(19440, 154.6)
(19490, 154.21)
(19540, 155.23)
(19590, 157.75)
(19640, 162.22)
(19690, 171.8)
(19740, 186.38)
(19790, 200.26)
(19840, 206.28)
(19890, 210.02)
(19940, 206.73)
(19990, 192.07)
(20040, 163.04)
(20090, 112.39)
(20140, 89.74)
(20190, 87.92)
(20240, 100.55)
(20290, 124.85)
(20340, 158.76)
(20390, 164.12)
(20440, 151.27)
(20490, 148.19)
(20540, 153.79)
(20590, 159.5)
(20640, 158.98)
(20690, 156.27)
(20740, 156.88)
(20790, 158.27)
(20840, 156.84)
(20890, 156.55)
(20940, 156.98)
(20990, 156.84)
(21040, 156.85)
(21090, 157.56)
(21140, 157.35)
(21190, 157.14)
(21240, 157.33)
(21291, 156.79)
(21341, 156.89)
(21391, 156.75)
(21441, 157.37)
(21491, 157.05)
(21541, 156.9)
(21591, 157.05)
(21641, 157.06)
(21691, 156.76)
(21741, 157.42)
(21791, 157.09)
(21841, 156.8)
(21891, 156.97)
(21941, 157.23)
(21991, 157.17)
(22041, 157.14)
(22091, 156.96)
(22141, 157.35)
(22191, 156.59)
(22241, 156.42)
(22291, 157.68)
(22341, 156.29)
(22391, 155.31)
(22441, 149.17)
(22491, 127.41)
(22541, 102.25)
(22591, 94.08)
(22641, 90.0)
(22691, 111.42)
(22742, 165.18)
(22792, 189.93)
(22842, 201.41)
(22892, 206.4)
(22942, 200.74)
(22992, 193.24)
(23042, 184.66)
(23092, 176.93)
(23142, 165.22)
(23192, 159.41)
(23242, 156.95)
(23292, 155.61)
(23342, 154.65)
(23392, 155.44)
(23442, 157.04)
(23492, 158.36)
(23542, 158.32)
(23592, 158.16)
(23642, 158.12)
(23692, 157.95)
(23742, 155.34)
(23792, 155.77)
(23842, 156.9)
(23892, 157.38)
(23942, 156.66)
(23992, 157.45)
(24042, 158.13)
(24092, 158.52)
(24142, 156.95)
(24192, 155.35)
(24242, 154.93)
(24292, 155.81)
(24342, 156.45)
(24392, 158.09)
(24442, 157.72)
(24492, 157.31)
(24542, 157.29)
(24592, 164.28)
(24642, 177.44)
(24692, 193.28)
(24742, 203.82)
(24792, 201.22)
(24842, 191.35)
(24892, 182.34)
(24942, 172.66)
(24992, 160.6)
(25042, 139.52)
(25092, 118.2)
(25142, 96.08)
(25192, 93.75)
(25242, 112.87)
(25292, 142.71)
(25342, 168.46)
(25392, 162.55)
(25442, 147.84)
(25492, 151.92)
(25542, 160.14)
(25592, 157.57)
(25643, 158.93)
(25693, 158.9)
(25743, 155.1)
(25793, 156.08)
(25843, 157.91)
(25893, 157.31)
(25943, 156.79)
(25993, 156.96)
(26043, 157.06)
(26093, 156.99)
(26143, 157.41)
(26193, 157.05)
(26243, 157.28)
(26293, 157.53)
(26343, 157.5)
(26393, 156.74)
(26443, 157.12)
(26493, 156.67)
(26543, 156.81)
(26593, 157.17)
(26643, 157.57)
(26693, 157.12)
(26743, 156.87)
(26793, 156.69)
(26843, 156.54)
(26893, 156.78)
(26943, 157.09)
(26993, 157.12)
(27043, 157.16)
(27094, 157.56)
(27144, 157.52)
(27194, 156.69)
(27244, 155.12)
(27294, 151.34)
(27344, 146.0)
(27394, 146.52)
(27444, 140.13)
(27494, 151.48)
(27544, 155.86)
(27594, 159.14)
(27644, 160.13)
(27694, 154.81)
(27744, 150.66)
(27794, 150.56)
(27844, 151.55)
(27894, 163.8)
(27944, 169.71)
(27994, 176.38)
(28044, 189.65)
(28094, 230.8)
(28144, 320.48)
(28194, 379.53)
(28244, 231.99)
(28294, 17.2)
(28344, -3.37)
(28394, -3.39)
(28444, -3.39)
(28494, -3.38)
(28544, 22.33)
(28594, 113.86)
(28644, 230.37)
(28694, 275.58)
(28744, 262.22)
(28794, 255.57)
(28844, 231.9)
(28894, 190.88)
(28944, 155.76)
(28994, 132.66)
(29044, 129.02)
(29094, 137.11)
(29144, 147.08)
(29194, 153.79)
(29244, 153.94)
(29294, 152.9)
(29344, 154.77)
(29394, 156.01)
(29444, 158.21)
(29494, 158.41)
(29544, 156.63)
(29594, 156.21)
(29644, 156.78)
(29694, 156.82)
(29744, 156.9)
(29794, 156.46)
(29844, 156.71)
(29894, 156.68)
(29944, 157.26)
(29995, 156.93)
(30045, 156.61)
(30095, 157.09)
(30145, 156.71)
(30195, 156.58)
(30245, 157.41)
(30295, 156.53)
(30345, 156.85)
(30395, 156.96)
(30445, 156.89)
(30495, 156.69)
(30545, 156.23)
(30595, 156.18)
(30645, 155.87)
(30695, 157.5)
(30745, 156.72)
(30795, 154.15)
(30845, 149.66)
(30895, 147.11)
(30945, 142.13)
(30995, 143.11)
(31045, 143.46)
(31095, 139.42)
(31145, 137.41)
(31195, 142.85)
(31245, 152.95)
(31295, 163.86)
(31345, 163.67)
(31395, 159.17)
(31446, 172.17)
(31496, 193.08)
(31546, 189.88)
(31596, 212.84)
(31646, 231.1)
(31696, 267.14)
(31746, 356.58)
(31796, 319.43)
(31846, 150.23)
(31896, 4.91)
(31946, -3.37)
(31996, -3.4)
(32046, -3.4)
(32096, -3.39)
(32146, -3.34)
(32196, 29.54)
(32246, 150.18)
(32296, 234.77)
(32346, 267.93)
(32396, 292.09)
(32446, 281.2)
(32496, 280.52)
(32546, 232.62)
(32596, 195.61)
(32646, 159.3)
(32696, 140.26)
(32746, 129.88)
(32796, 133.54)
(32846, 136.26)
(32896, 135.75)
(32946, 136.72)
(32996, 140.03)
(33046, 145.98)
(33096, 149.45)
(33146, 154.6)
(33196, 157.7)
(33246, 163.61)
(33296, 161.66)
(33346, 156.88)
(33396, 155.16)
(33446, 155.14)
(33496, 155.84)
(33546, 157.16)
(33596, 155.75)
(33646, 154.14)
(33696, 155.15)
(33746, 156.29)
(33796, 155.56)
(33846, 153.98)
(33896, 154.14)
(33946, 152.84)
(33996, 151.47)
(34046, 148.01)
(34096, 142.43)
(34146, 139.67)
(34196, 134.01)
(34246, 132.16)
(34296, 137.02)
(34347, 146.31)
(34397, 160.21)
(34447, 163.47)
(34497, 177.14)
(34547, 188.95)
(34597, 207.12)
(34647, 233.02)
(34697, 286.08)
(34747, 341.95)
(34797, 322.69)
(34847, 149.65)
(34897, 12.03)
(34947, -3.38)
(34997, -3.39)
(35047, -3.39)
(35097, -3.39)
(35147, -2.53)
(35197, 65.78)
(35247, 265.83)
(35297, 279.98)
(35347, 275.84)
(35397, 269.05)
(35447, 228.42)
(35497, 191.8)
(35547, 172.75)
(35597, 158.2)
(35647, 150.64)
(35697, 147.2)
(35747, 142.6)
(35798, 143.13)
(35848, 153.25)
(35898, 163.14)
(35948, 160.73)
(35998, 144.95)
(36048, 124.37)
(36098, 131.21)
(36148, 158.12)
(36198, 175.16)
(36248, 155.63)
(36298, 144.82)
(36348, 155.7)
(36398, 162.63)
(36448, 158.6)
(36498, 155.02)
(36548, 155.22)
(36598, 157.83)
(36648, 158.77)
(36698, 156.5)
(36748, 155.89)
(36798, 157.33)
(36848, 157.36)
(36898, 157.02)
(36948, 157.13)
(36998, 157.12)
(37048, 157.51)
(37098, 156.89)
(37148, 156.37)
(37198, 156.69)
(37248, 157.55)
(37298, 156.61)
(37348, 155.51)
(37398, 156.82)
(37448, 157.14)
(37498, 156.69)
(37548, 156.88)
(37598, 156.69)
(37648, 156.66)
(37698, 156.32)
(37748, 155.07)
(37798, 167.84)
(37848, 207.38)
(37898, 248.78)
(37948, 186.95)
(37998, 105.8)
(38048, 65.64)
(38098, 70.69)
(38148, 137.11)
(38198, 182.08)
(38248, 181.44)
(38298, 177.02)
(38348, 169.31)
(38398, 158.92)
(38448, 146.57)
(38498, 131.09)
(38548, 119.02)
(38598, 143.02)
(38648, 175.35)
(38699, 180.86)
(38749, 162.94)
(38799, 191.6)
(38849, 163.97)
(38899, 155.26)
(38949, 153.21)
(38999, 156.7)
(39049, 159.48)
(39099, 156.92)
(39149, 155.66)
(39199, 156.73)
(39249, 157.33)
(39299, 156.7)
(39349, 157.07)
(39399, 157.18)
(39449, 158.05)
(39499, 157.52)
(39549, 156.49)
(39599, 156.33)
(39649, 157.88)
(39699, 157.54)
(39749, 157.11)
(39799, 156.58)
(39849, 156.3)
(39899, 156.24)
(39949, 156.32)
(39999, 156.36)
(40049, 155.92)
(40099, 155.49)
(40150, 151.7)
(40200, 146.45)
(40250, 147.54)
(40300, 149.99)
(40350, 164.05)
(40400, 202.31)
(40450, 245.61)
(40500, 251.63)
(40550, 172.48)
(40600, 115.7)
(40650, 61.82)
(40700, 57.57)
(40750, 136.15)
(40800, 181.38)
(40850, 180.89)
(40900, 163.97)
(40950, 153.75)
(41000, 156.83)
(41050, 159.37)
(41100, 152.36)
(41150, 112.36)
(41200, 105.16)
(41250, 144.32)
(41300, 164.26)
(41350, 203.93)
(41400, 192.92)
(41450, 177.5)
(41500, 167.27)
(41550, 155.73)
(41600, 154.22)
(41650, 158.05)
(41700, 158.79)
(41750, 155.88)
(41800, 154.65)
(41850, 156.68)
(41900, 157.54)
(41950, 157.62)
(42000, 157.45)
(42050, 157.35)
(42100, 157.49)
(42150, 157.4)
(42200, 157.12)
(42250, 157.08)
(42300, 157.01)
(42350, 156.94)
(42400, 157.26)
(42450, 157.21)
(42500, 156.76)
(42550, 156.06)
(42600, 155.42)
(42650, 154.57)
(42700, 155.44)
(42750, 155.64)
(42800, 155.41)
(42850, 156.56)
(42900, 156.78)
(42950, 156.7)
(43000, 156.7)
(43051, 160.17)
(43101, 175.0)
(43151, 200.94)
(43201, 209.21)
(43251, 153.64)
(43301, 101.37)
(43351, 83.33)
(43401, 97.63)
(43451, 181.54)
(43501, 248.54)
(43551, 226.93)
(43601, 131.56)
(43651, 89.86)
(43701, 88.89)
(43751, 177.94)
(43801, 251.95)
(43851, 183.63)
(43901, 100.1)
(43951, 80.06)
(44001, 162.26)
(44051, 226.32)
(44101, 161.19)
(44151, 99.44)
(44201, 82.41)
(44251, 204.77)
(44301, 225.32)
(44351, 180.13)
(44401, 111.26)
(44451, 85.49)
(44502, 105.52)
(44552, 180.34)
(44602, 216.62)
(44652, 186.66)
(44702, 162.33)
(44752, 150.37)
(44802, 154.35)
(44852, 168.0)
(44902, 156.42)
(44952, 150.79)
(45002, 157.11)
(45052, 159.13)
(45102, 157.37)
(45152, 157.13)
(45202, 158.48)
(45252, 158.25)
(45302, 156.42)
(45352, 156.74)
(45402, 157.66)
(45452, 157.12)
(45502, 156.22)
(45552, 156.46)
(45602, 156.52)
(45652, 156.66)
(45702, 157.14)
(45752, 157.56)
(45802, 157.03)
(45852, 157.07)
(45902, 157.44)
(45952, 157.84)
(46002, 158.25)
(46052, 157.22)
(46102, 157.01)
(46152, 155.71)
(46202, 152.87)
(46252, 148.1)
(46302, 120.42)
(46352, 73.63)
(46402, 66.29)
(46452, 93.04)
(46502, 141.78)
(46552, 182.09)
(46602, 209.91)
(46652, 220.43)
(46702, 210.98)
(46752, 198.25)
(46802, 186.09)
(46852, 178.93)
(46902, 167.74)
(46952, 161.23)
(47002, 155.93)
(47052, 153.19)
(47102, 152.14)
(47152, 152.22)
(47202, 154.0)
(47252, 156.34)
(47302, 160.13)
(47352, 160.15)
(47403, 161.64)
(47453, 159.87)
(47503, 160.86)
(47553, 158.15)
(47603, 158.4)
(47653, 159.01)
(47703, 158.86)
(47753, 159.57)
(47803, 161.38)
(47853, 164.31)
(47903, 166.37)
(47953, 165.64)
(48003, 165.54)
(48053, 163.69)
(48103, 160.66)
(48153, 159.45)
(48203, 159.52)
(48253, 159.38)
(48303, 159.85)
(48353, 158.92)
(48403, 159.42)
(48453, 159.48)
(48503, 158.95)
(48553, 158.18)
(48603, 157.39)
(48653, 155.09)
(48703, 154.4)
(48753, 152.27)
(48803, 152.27)
(48854, 151.44)
(48904, 151.3)
(48954, 152.95)
(49004, 154.67)
(49054, 155.51)
(49104, 155.28)
(49154, 155.53)
(49204, 154.29)
(49254, 151.2)
(49304, 149.41)
(49354, 146.51)
(49404, 145.62)
(49454, 149.43)
(49504, 157.48)
(49554, 158.32)
(49604, 155.1)
(49654, 156.43)
(49704, 157.97)
(49754, 157.84)
(49804, 156.34)
(49854, 157.21)
(49904, 156.85)
(49954, 156.77)
(50004, 157.13)
(50054, 157.35)
(50104, 157.04)
(50154, 157.14)
(50204, 156.92)
(50254, 157.31)
(50304, 156.96)
(50354, 157.12)
(50404, 156.89)
(50454, 157.02)
(50504, 150.19)
(50554, 129.37)
(50604, 101.73)
(50654, 97.29)
(50704, 103.29)
(50754, 111.17)
(50804, 129.84)
(50854, 159.55)
(50904, 195.04)
(50954, 214.76)
(51004, 214.49)
(51054, 200.43)
(51104, 186.9)
(51154, 175.06)
(51204, 165.24)
(51254, 163.83)
(51304, 162.95)
(51354, 160.69)
(51404, 157.51)
(51454, 156.73)
(51504, 157.38)
(51554, 156.03)
(51604, 155.73)
(51654, 157.75)
(51704, 157.16)
(51755, 155.5)
(51805, 156.23)
(51855, 158.44)
(51905, 161.45)
(51955, 164.39)
(52005, 167.18)
(52055, 166.97)
(52105, 166.04)
(52155, 163.93)
(52205, 161.34)
(52255, 160.15)
(52305, 159.71)
(52355, 160.31)
(52405, 162.16)
(52455, 164.05)
(52505, 163.39)
(52555, 162.37)
(52605, 160.7)
(52655, 160.2)
(52705, 159.26)
(52755, 159.16)
(52805, 158.77)
(52855, 156.17)
(52905, 153.92)
(52955, 150.47)
(53005, 149.52)
(53055, 149.39)
(53105, 150.14)
(53155, 152.64)
(53206, 153.5)
(53256, 154.43)
(53306, 153.27)
(53356, 152.21)
(53406, 153.35)
(53456, 152.94)
(53506, 152.79)
(53556, 153.58)
(53606, 151.42)
(53656, 147.97)
(53706, 147.31)
(53756, 152.23)
(53806, 157.07)
(53856, 159.86)
(53906, 155.89)
(53956, 155.19)
(54006, 157.32)
(54056, 158.39)
(54106, 157.16)
(54156, 156.42)
(54206, 156.86)
(54256, 157.59)
(54306, 157.42)
(54356, 157.22)
(54406, 156.23)
(54456, 157.03)
(54506, 157.34)
(54556, 157.21)
(54606, 157.21)
(54656, 157.3)
(54706, 156.62)
(54756, 156.53)
(54806, 156.66)
(54856, 157.11)
(54906, 157.0)
(54956, 157.2)
(55006, 157.41)
(55056, 157.37)
(55106, 156.55)
(55156, 156.2)
(55206, 152.48)
(55256, 140.34)
(55306, 118.48)
(55356, 116.24)
(55406, 115.33)
(55456, 117.73)
(55506, 133.07)
(55556, 155.47)
(55606, 176.85)
(55656, 186.43)
(55706, 187.3)
(55756, 183.3)
(55806, 177.56)
(55856, 175.67)
(55906, 173.74)
(55956, 172.06)
(56006, 169.49)
(56056, 164.27)
(56107, 161.49)
(56157, 160.57)
(56207, 159.73)
(56257, 158.98)
(56307, 157.51)
(56357, 156.71)
(56407, 157.35)
(56457, 158.56)
(56507, 157.77)
(56557, 160.46)
(56607, 161.05)
(56657, 166.17)
(56707, 172.02)
(56757, 178.85)
(56807, 185.81)
(56857, 190.9)
(56907, 199.23)
(56957, 211.68)
(57007, 232.56)
(57057, 259.53)
(57107, 280.55)
(57157, 133.88)
(57207, 8.25)
(57257, -3.44)
(57307, -3.37)
(57357, -3.37)
(57407, 2.04)
(57457, 47.5)
(57507, 159.4)
(57558, 239.09)
(57608, 266.16)
(57658, 279.87)
(57708, 270.1)
(57758, 216.58)
(57808, 177.38)
(57858, 144.75)
(57908, 128.53)
(57958, 129.18)
(58008, 140.0)
(58058, 148.51)
(58108, 150.89)
(58158, 148.99)
(58208, 149.33)
(58258, 155.2)
(58308, 158.19)
(58358, 160.01)
(58408, 159.78)
(58458, 157.38)
(58508, 155.53)
(58558, 156.25)
(58608, 157.68)
(58658, 157.92)
(58708, 158.41)
(58758, 158.63)
(58808, 157.32)
(58858, 156.21)
(58908, 156.41)
(58958, 156.36)
(59008, 156.85)
(59058, 155.62)
(59108, 154.99)
(59158, 155.93)
(59208, 156.57)
(59258, 157.04)
(59308, 156.56)
(59358, 156.64)
(59408, 156.76)
(59458, 157.61)
(59508, 162.7)
(59558, 167.94)
(59608, 179.4)
(59658, 186.23)
(59708, 184.4)
(59758, 172.42)
(59808, 142.6)
(59858, 124.12)
(59908, 126.25)
(59958, 141.14)
(60008, 155.92)
(60058, 146.67)
(60108, 145.13)
(60158, 162.12)
(60208, 163.46)
(60258, 154.91)
(60308, 154.72)
(60358, 157.76)
(60408, 158.29)
(60459, 159.1)
(60509, 157.27)
(60559, 155.44)
(60609, 157.27)
(60659, 158.42)
(60709, 157.55)
(60759, 156.94)
(60809, 157.23)
(60859, 156.87)
(60909, 157.17)
(60959, 156.1)
(61009, 154.47)
(61059, 151.67)
(61109, 145.99)
(61159, 139.96)
(61209, 137.49)
(61259, 129.68)
(61309, 131.88)
(61359, 176.17)
(61409, 208.76)
(61459, 193.18)
(61509, 170.48)
(61559, 139.65)
(61609, 148.53)
(61659, 172.79)
(61709, 156.3)
(61759, 149.62)
(61809, 157.42)
(61859, 159.14)
(61910, 155.34)
(61960, 156.54)
(62010, 158.39)
(62060, 157.55)
(62110, 157.27)
(62160, 157.44)
(62210, 156.88)
(62260, 156.85)
(62310, 157.12)
(62360, 157.29)
(62410, 157.07)
(62460, 157.12)
(62510, 157.19)
(62560, 157.43)
(62610, 156.95)
(62660, 156.89)
(62710, 157.32)
(62760, 157.57)
(62810, 157.15)
(62860, 157.05)
(62910, 157.52)
(62960, 157.93)
(63010, 158.21)
(63060, 153.05)
(63110, 158.72)
(63160, 160.03)
(63210, 166.89)
(63260, 145.72)
(63310, 152.75)
(63360, 169.75)
(63410, 153.98)
(63460, 157.44)
(63510, 155.77)
(63560, 148.21)
(63610, 160.15)
(63660, 164.36)
(63710, 157.72)
(63760, 149.32)
(63810, 150.33)
(63860, 160.2)
(63910, 162.76)
(63960, 158.03)
(64010, 153.45)
(64060, 155.84)
(64110, 157.74)
(64160, 155.68)
(64210, 149.56)
(64260, 132.73)
(64310, 117.44)
(64360, 233.85)
(64410, 262.33)
(64460, 151.84)
(64510, 77.22)
(64560, 127.76)
(64610, 190.78)
(64660, 136.44)
(64710, 191.11)
(64760, 186.7)
(64811, 125.62)
(64861, 134.66)
(64911, 165.77)
(64961, 162.66)
(65011, 156.09)
(65061, 159.89)
(65111, 158.84)
(65161, 152.1)
(65211, 154.85)
(65261, 159.01)
(65311, 157.83)
(65361, 156.58)
(65411, 156.64)
(65461, 156.45)
(65511, 156.62)
(65561, 157.29)
(65611, 157.42)
(65661, 157.31)
(65711, 157.14)
(65761, 156.54)
(65811, 155.99)
(65861, 154.11)
(65911, 150.87)
(65961, 154.61)
(66011, 161.84)
(66061, 164.18)
(66111, 164.06)
(66161, 148.57)
(66211, 119.59)
(66262, 168.59)
(66312, 184.83)
(66362, 180.71)
(66412, 151.7)
(66462, 134.16)
(66512, 140.69)
(66562, 163.35)
(66612, 154.33)
(66662, 152.51)
(66712, 161.26)
(66762, 158.16)
(66812, 159.14)
(66862, 157.63)
(66912, 162.91)
(66962, 155.86)
(67012, 157.6)
(67062, 156.12)
(67112, 158.03)
(67162, 168.03)
(67212, 154.89)
(67262, 140.12)
(67312, 154.4)
(67362, 149.14)
(67412, 166.6)
(67462, 166.36)
(67512, 145.88)
(67562, 167.67)
(67612, 160.13)
(67662, 149.52)
(67712, 142.95)
(67762, 181.68)
(67812, 162.7)
(67862, 153.7)
(67912, 143.15)
(67962, 154.61)
(68012, 137.52)
(68062, 177.37)
(68112, 171.49)
(68162, 148.03)
(68212, 137.93)
(68262, 176.14)
(68312, 170.61)
(68362, 157.93)
(68412, 144.26)
(68462, 138.62)
(68512, 165.04)
(68562, 173.91)
(68612, 158.12)
(68662, 147.73)
(68712, 137.2)
(68762, 174.11)
(68812, 169.65)
(68862, 155.79)
(68912, 151.13)
(68962, 145.0)
(69012, 167.0)
(69062, 148.46)
(69112, 152.07)
(69163, 161.97)
(69213, 154.11)
(69263, 155.82)
(69313, 161.48)
(69363, 157.7)
(69413, 161.1)
(69463, 157.24)
(69513, 143.93)
(69563, 157.34)
(69613, 159.2)
(69663, 159.01)
(69713, 157.73)
(69763, 157.05)
(69813, 157.7)
(69863, 160.22)
(69913, 160.07)
(69963, 160.35)
(70013, 151.71)
(70063, 142.47)
(70113, 141.04)
(70163, 152.87)
(70213, 164.48)
(70263, 168.38)
(70313, 168.33)
(70363, 167.58)
(70413, 168.23)
(70463, 163.52)
(70513, 155.73)
(70563, 150.51)
(70614, 138.69)
(70664, 118.26)
(70714, 144.52)
(70764, 189.11)
(70814, 199.53)
(70864, 177.48)
(70914, 150.35)
(70964, 125.51)
(71014, 124.49)
(71064, 158.08)
(71114, 182.38)
(71164, 186.95)
(71214, 163.29)
(71264, 133.34)
(71314, 121.71)
(71364, 135.75)
(71414, 167.37)
(71464, 195.61)
(71514, 194.82)
(71564, 167.8)
(71614, 135.55)
(71664, 126.72)
(71714, 149.82)
(71764, 166.2)
(71814, 156.67)
(71864, 142.07)
(71914, 147.21)
(71964, 170.18)
(72014, 186.59)
(72064, 176.93)
(72114, 151.94)
(72164, 138.94)
(72214, 142.95)
(72264, 47.7)
(72314, 143.8)
(72364, 156.7)
(72414, 176.34)
(72464, 182.85)
(72514, 168.46)
(72564, 151.75)
(72614, 147.19)
(72664, 148.67)
(72714, 150.39)
(72764, 160.32)
(72814, 154.96)
(72864, 148.9)
(72914, 157.35)
(72964, 164.38)
(73014, 165.13)
(73064, 161.55)
(73114, 155.27)
(73164, 152.47)
(73214, 153.07)
(73264, 156.73)
(73314, 160.21)
(73364, 161.05)
(73414, 161.85)
(73464, 159.3)
(73515, 159.75)
(73565, 158.98)
(73615, 156.48)
(73665, 155.36)
(73715, 150.55)
(73765, 149.86)
(73815, 153.64)
(73865, 154.38)
(73915, 149.82)
(73965, 151.34)
(74015, 152.69)
(74065, 150.96)
(74115, 138.08)
(74165, 107.74)
(74215, 72.4)
(74265, 35.47)
(74315, 17.88)
(74365, 9.53)
(74415, -1.02)
(74465, -3.39)
(74515, -3.35)
(74565, -3.37)
(74615, -3.36)
(74665, -3.36)
(74715, -3.36)
(74765, -3.37)
(74815, -3.36)
(74865, -3.35)
(74915, -3.35)
(74966, -3.36)
(75016, -3.36)
(75066, -3.36)
(75116, -3.37)
(75166, -3.37)
(75216, -3.36)
(75266, -3.37)
(75316, -3.37)
(75366, -3.38)
(75416, -3.39)
(75466, -3.36)
(75516, -3.37)
(75566, -3.39)
(75616, -3.37)
(75666, -3.37)
(75716, -3.37)
(75766, -3.38)
(75816, -3.38)
(75866, -3.37)
(75916, -3.36)
(75966, -3.37)
(76016, -3.38)
(76066, -3.38)
(76116, -3.37)
(76166, -3.36)
(76216, -3.38)
(76266, -3.37)
(76316, -3.37)
(76366, -3.38)
(76416, -3.37)
(76466, -3.37)
(76516, -3.37)
(76566, -3.37)
(76616, -3.37)
(76666, -3.38)
(76716, -3.37)
(76766, -3.37)
(76816, -3.37)
(76866, -3.35)
(76916, -3.36)
(76966, -3.38)
(77016, -3.38)
(77066, -3.38)
(77116, -3.36)
(77166, -3.38)
(77216, -3.38)
(77266, -3.38)
